(-9,-13) (-38,-91) (-86,-62) (-92,-38) (-63,-49) (-27,-74) (-10,-9) (-94,-88) (-84,-84) (-66,-51) (-57,-79) (-31,-36) (-6,-83) (-67,-52) (-15,-23) (-6,-5) (-6,-91) (-86,-65) (-74,-5) (-17,-31) (-7,-66) (-92,-1) (-89,-93) (-14,-39) (-84,-53) (-21,-91) (-80,-59) (-89,-6) (-7,-38) (-14,-35) (-48,-13) (-29,-8) (-63,-70) (-55,-93) (-38,-62) (-61,-36) (-77,-49) (-36,-72) (-48,-64) (-21,-20) (-42,-19) (-21,-94) (-55,-29) (-18,-6) (-74,-26) (-76,-24) (-85,-23) (-33,-37) (-1,-68) (-33,-1) (-78,-61)
(-3,-95) (-58,-9) (-65,-40) (-59,-64) (-35,-61) (-8,-75) (-65,-99) (-24,-41) (-25,-32) (-45,-83) (-60,-3) (-18,-33) (-67,-82) (-2,-73) (-79,-33) (-97,-36) (-77,-37) (-13,-87) (-82,-67) (-26,-56) (-85,-61) (-40,-74) (-59,-89) (-17,-7) (-89,-55) (-56,-3) (-1,-7) (-29,-99) (-88,-54) (-78,-80) (-98,-47) (-85,-71) (-79,-43) (-59,-83) (-10,-14) (-92,-21) (-53,-35) (-21,-59) (-4,-61) (-3,-82) (-82,-65) (-99,-76) (-92,-78) (-42,-3) (-3,-46) (-60,-97) (-21,-23) (-29,-75) (-53,-3) (-86,-81) (-79,-61)
(41,-30) (42,-65) (87,-80) (19,-71) (49,-44) (-23,-84) (62,99) (39,-19) (-88,-32) (-9,11) (28,54) (94,30) (-10,43) (53,-9) (-3,-51) (62,-8) (-29,-31) (-94,12) (-22,16) (-11,-17) (-31,-78) (65,-60) (-31,42) (-48,-93) (-20,98) (86,70) (-22,84) (75,-28) (-71,-74) (62,-73) (-32,41) (-63,97) (91,-63) (-33,8) (-83,-42) (57,-75) (94,-26) (5,-63) (-40,-80) (86,-93) (37,-3) (42,-67) (73,6) (44,62) (81,-1) (1,0) (-93,56) (5,-60) (-25,-67) (-71,43) (30,-41) (54,-70) (-31,-53) (-21,35) (49,-6) (93,-7)
(-62,-33) (50,-89) (27,-38) (28,31) (-73,-12) (50,66) (-49,79) (-3,26) (-16,94) (71,-83) (84,-81) (94,-64) (-44,-65) (48,37) (-15,68) (-56,39) (-40,92) (-87,-94) (0,-97) (-61,41) (99,-74) (48,-56) (-51,57) (27,46) (-20,-58) (-47,9) (9,4) (19,-83) (41,-86) (-9,12) (-85,21) (7,-11) (-40,-3) (4,85) (-29,-37) (33,-52) (34,-5) (49,25) (-45,17) (-57,-88) (-44,41) (-57,-44) (42,32) (-86,-47) (-39,-98) (-37,-50) (-38,-73) (-58,-40) (-67,-83) (37,67) (-87,-25) (97,-29) (-83,32) (-80,19) (28,54) (53,-81)
(20,81) (23,-10) (41,94) (37,-44) (-19,-47) (44,-55) (44,-12) (47,-50) (-34,-94) (-36,-27) (77,53) (-31,-87) (22,98) (94,-96) (-85,98) (16,75) (-89,32) (-4,-66) (72,83) (52,39) (-30,95) (34,-18) (56,-33) (-40,4) (45,-28) (-41,-41) (98,54) (-56,64) (-74,-63) (-4,-1) (41,44) (56,-26) (-67,32) (-11,82) (33,0) (4,-48) (-4,-61) (85,88) (75,-13) (-51,-69) (53,49) (-13,80) (-78,-80) (73,-82) (21,-14) (97,66) (-91,-50) (-19,66) (-34,6) (7,18) (-98,-35) (-63,-42) (13,31) (-7,84) (-31,92) (-15,45)
(-81,59) (-25,72) (2,-73) (-63,-27) (16,18) (93,16) (7,69) (-25,32) (-19,-6) (-66,62) (7,61) (-46,51) (-24,15) (55,80) (20,65) (59,13) (97,-25) (-19,33) (76,-46) (8,9) (61,9) (51,4) (13,-12) (74,52) (60,53) (1,72) (-76,18) (48,-35) (-34,-71) (-74,96) (-12,-47) (41,70) (12,13) (-84,-92) (77,99) (-30,-93) (82,-43) (-57,-77) (-81,-19) (-25,-81) (-9,-62) (50,18) (76,-50) (48,-45) (-82,31) (-23,1) (-46,5) (-47,71) (65,95) (-11,22) (-21,-51) (-2,61) (54,40) (98,-82) (-11,91) (29,99) (18,-95) (80,59)
(-79,-19) (-91,-93) (-95,-79) (-80,-98) (-2,-63) (-23,-9) (-69,-22) (-54,-27) (-34,-79) (-28,-39) (-20,-48) (-64,-98) (-97,-50) (-65,-83) (-31,-2) (-43,-66) (-5,-95) (-79,-80) (-75,-11) (-16,-40) (-25,-6) (-92,-33) (-91,-80) (-78,-28) (-17,-98) (-89,-65) (-34,-18) (-63,-19) (-29,-96) (-44,-22) (-73,-72) (-33,-50) (-68,-18) (-16,-92) (-84,-47) (-5,-27) (-92,-47) (-6,-40) (-53,-8) (-51,-83) (-12,-45) (-89,-50) (-13,-32) (-97,-45) (-39,-33) (-4,-52) (-2,-40) (-41,-63) (-64,-19) (-88,-32) (-30,-79)
(-72,13)
(28,57) (-75,30) (-98,85) (-30,-77) (1,73) (-14,66) (26,-27) (-95,-36) (60,-60) (-53,-73) (-58,-89) (5,-64) (-19,-27) (-72,45) (22,-69) (68,45) (7,-33) (35,7) (-83,-48) (-19,52) (70,44) (-88,87) (28,-10) (-45,-53) (52,58) (-11,0) (67,32) (72,-93) (-46,46) (63,-66) (-57,-48) (70,56) (65,37) (-62,50) (81,91) (-2,98) (86,64) (-57,-18) (87,48) (36,95) (-32,-18) (69,19) (82,-23) (-28,56) (52,73) (-33,39) (65,38) (85,-78) (-74,11) (-51,84) (20,-20) (-12,65) (-88,-25) (-62,-43) (-33,-19) (-65,-13)
(19,-30) (19,-30) (19,-30) (19,-30) (19,-30) (19,-30) (19,-30) (19,-30) (19,-30) (19,-30) (19,-30) (19,-30) (19,-30) (19,-30) (19,-30) (19,-30) (19,-30) (19,-30) (19,-30) (19,-30) (19,-30) (19,-30) (19,-30) (19,-30) (19,-30) (19,-30) (19,-30) (19,-30) (19,-30) (19,-30) (19,-30) (19,-30) (19,-30) (19,-30) (19,-30) (19,-30) (19,-30) (19,-30) (19,-30) (19,-30) (19,-30) (19,-30) (19,-30) (19,-30) (19,-30) (19,-30) (19,-30) (19,-30) (19,-30) (19,-30) (19,-30) (19,-30) (19,-30) (19,-30) (19,-30)
(-26,-14) (-28,6) (3,-94) (93,94) (-78,-10) (71,91) (-79,-42) (-58,60) (63,-70) (10,35) (81,-77) (2,-23) (-2,-47) (94,78) (-88,6) (46,-34) (-11,-77) (-17,-14) (-64,-54) (-84,-23) (12,-86) (-69,-9) (99,-95) (-47,4) (21,-76) (86,90) (-71,-43) (-76,-29) (15,-89) (-18,80) (66,6) (81,-90) (26,-53) (-40,67) (21,-43) (89,-67) (65,82) (77,-93) (30,53) (68,17) (-18,-78) (-22,23) (3,13) (80,-64) (-11,-50) (3,-65) (-26,-26) (5,84) (-22,-37) (49,-6) (70,40) (10,-10) (-41,-30) (-12,18) (50,81) (82,-56)
(-32,8) (-32,8) (-32,8) (-32,8) (-32,8) (-32,8) (-32,8) (-32,8) (-32,8) (-32,8) (-32,8) (-32,8) (-32,8) (-32,8) (-32,8) (-32,8) (-32,8) (-32,8) (-32,8) (-32,8) (-32,8) (-32,8) (-32,8) (-32,8) (-32,8) (-32,8) (-32,8) (-32,8) (-32,8) (-32,8) (-32,8) (-32,8) (-32,8) (-32,8) (-32,8) (-32,8) (-32,8) (-32,8) (-32,8) (-32,8) (-32,8) (-32,8) (-32,8) (-32,8) (-32,8) (-32,8) (-32,8) (-32,8) (-32,8) (-32,8) (-32,8) (-32,8) (-32,8) (-32,8) (-32,8) (-32,8) (-32,8) (-32,8) (-32,8) (-32,8) (-32,8) (-32,8)
(46,-18) (-83,-68) (0,69) (20,1) (64,30) (6,39) (-64,86) (-71,-80) (-28,-30) (-29,6) (55,-77) (-15,56) (-79,35) (-20,-39) (38,65) (-90,23) (46,71) (-56,-87) (49,-34) (-58,-54) (-16,89) (33,-70) (-11,-48) (-77,-86) (-63,-3) (-44,25) (58,-85) (-1,-7) (98,-4) (-13,-87) (32,70) (-10,-36) (61,-5) (-86,18) (-86,28) (-73,-36) (20,5) (91,91) (60,50) (-87,22) (81,99) (-87,41) (-63,97) (-84,92) (19,36) (-17,-31) (25,76) (29,-70) (75,-14) (-66,-68) (-37,-26) (80,-54) (27,3) (66,80) (-10,-93) (-91,54)
(95,60) (-19,87) (-23,18) (-9,-49) (33,-16) (-1,18) (-26,0) (15,-93) (-8,-54) (26,-48) (-63,-29) (-33,89) (85,-56) (21,3) (-24,21) (-6,-98) (-87,-67) (-92,16) (23,44) (-14,77) (0,74) (55,65) (96,-32) (-52,35) (99,58) (-67,73) (-65,19) (21,51) (-13,-15) (-62,59) (95,-59) (39,-36) (49,-36) (88,-92) (97,-45) (78,83) (-95,68) (-65,-91) (29,97) (69,95) (35,-96) (-56,17) (-27,47) (75,-17) (44,90) (18,36) (57,79) (-75,63) (76,-78) (-12,-62) (5,23) (76,-21) (-75,-25) (-39,2) (-92,-91) (89,-61) (-84,32)
(17,-15) (13,-17) (-1,85) (25,20) (-31,-65) (-25,29) (93,-32) (-56,98) (-45,-73) (-11,18) (82,84) (88,-9) (20,91) (-41,-34) (28,-19) (-51,-15) (-29,-85) (-34,85) (-61,-87) (1,63) (77,-97) (42,-81) (-6,-2) (-27,-71) (85,-89) (16,31) (-21,-10) (-84,-84) (-85,17) (8,45) (-57,-35) (58,71) (62,63) (-20,-36) (95,25) (-45,14) (22,10) (-14,81) (-45,29) (-84,48) (56,62) (-71,17) (-81,6) (88,51) (-73,-68) (-76,-58) (59,-36) (-2,78) (9,4) (-45,41) (20,-88) (-74,15) (-9,12) (-5,3) (81,18) (-68,-60)
(60,-75) (-45,19) (-64,-83) (-92,-54) (-15,98) (14,28) (39,-40) (-33,6) (12,86) (-80,57) (-45,23) (-55,-2) (-58,43) (44,68) (-73,-91) (71,69) (12,56) (-18,75) (64,-80) (-42,-68) (-90,-61) (10,80) (62,44) (62,36) (97,93) (-90,-80) (-73,61) (-83,55) (4,-4) (-56,65) (73,-13) (-61,34) (-87,-66) (-1,71) (-41,-73) (71,90) (-90,57) (1,-19) (-40,-81) (79,80) (-36,-3) (33,43) (46,-33) (81,-44) (-73,-58) (-16,19) (-88,42) (-19,26) (-10,89) (55,-57) (9,-76) (-90,-31) (3,-7) (64,-81) (71,92) (-48,-25)
(-48,-59) (-63,-98) (-32,-55) (-44,-52) (-37,-49) (-79,-18) (-88,-59) (-55,-25) (-91,-67) (-80,-58) (-31,-66) (-66,-20) (-23,-58) (-95,-46) (-61,-23) (-86,-49) (-35,-49) (-21,-23) (-35,-40) (-23,-96) (-71,-46) (-56,-8) (-41,-24) (-12,-1) (-91,-98) (-12,-72) (-85,-68) (-38,-7) (-98,-29) (-81,-45) (-2,-15) (-31,-19) (-64,-75) (-50,-4) (-43,-9) (-37,-15) (-41,-33) (-81,-58) (-94,-52) (-96,-6) (-22,-34) (-82,-24) (-62,-47) (-87,-75) (-6,-83) (-72,-7) (-67,-55) (-12,-75) (-54,-39) (-79,-67)
(-16,-45) (66,93) (-69,39) (80,-10) (-4,43) (2,-27) (64,60) (31,61) (6,65) (56,-57) (-51,43) (78,-20) (-29,61) (-99,-10) (64,18) (-41,24) (51,-50) (75,12) (-41,-41) (80,67) (15,-92) (-1,55) (-41,43) (-6,5) (-1,59) (-11,76) (11,31) (15,-84) (12,-63) (4,72) (-69,27) (-71,12) (50,14) (-9,30) (77,-31) (43,-29) (-38,-42) (59,-33) (60,-23) (-80,-22) (-50,-25) (-83,46) (-22,-26) (25,-96) (-79,-74) (16,-4) (-14,1) (50,74) (-29,78) (2,81) (20,-51) (63,34) (44,-79) (21,-78) (-53,62) (-23,-27) (-74,-26)
(-88,-66) (3,-29) (88,-40) (-1,-17) (-75,29) (52,-67) (43,84) (45,-14) (-2,65) (-33,-78) (-53,36) (58,-98) (-63,-17) (33,49) (-48,-36) (94,-47) (-86,-25) (-21,20) (77,-38) (9,-73) (12,3) (-88,31) (-88,-19) (-66,-96) (32,21) (-18,12) (58,-78) (-76,-79) (1,-34) (44,-45) (83,58) (61,52) (42,68) (-13,10) (-79,-31) (1,-73) (67,-64) (-64,4) (39,-73) (21,12) (5,-33) (75,-19) (-8,-67) (-63,-62) (-99,65) (-79,93) (13,56) (78,-18) (61,-37) (39,-16) (78,35) (80,-32) (36,-21) (-96,12) (-86,32) (16,32)
(-37,-91) (-88,-81) (-9,-82) (-31,-75) (-49,-42) (-34,-50) (-42,-79) (-22,-95) (-85,-29) (-58,-17) (-75,-81) (-54,-41) (-16,-8) (-55,-83) (-79,-41) (-59,-32) (-16,-27) (-8,-83) (-23,-16) (-65,-25) (-73,-73) (-30,-10) (-28,-47) (-87,-33) (-79,-18) (-20,-47) (-43,-10) (-65,-2) (-29,-97) (-99,-66) (-9,-5) (-35,-9) (-76,-88) (-38,-82) (-76,-80) (-93,-90) (-47,-54) (-59,-17) (-24,-81) (-21,-81) (-67,-95) (-81,-81) (-55,-45) (-61,-14) (-83,-61) (-88,-56) (-19,-24) (-11,-48) (-15,-45) (-43,-8)
(42,-22) (42,-22) (42,-22) (42,-22) (42,-22) (42,-22) (42,-22) (42,-22) (42,-22) (42,-22) (42,-22) (42,-22) (42,-22) (42,-22) (42,-22) (42,-22) (42,-22) (42,-22) (42,-22) (42,-22) (42,-22) (42,-22) (42,-22) (42,-22) (42,-22) (42,-22) (42,-22) (42,-22) (42,-22) (42,-22) (42,-22) (42,-22) (42,-22) (42,-22) (42,-22) (42,-22) (42,-22) (42,-22) (42,-22) (42,-22) (42,-22) (42,-22) (42,-22) (42,-22) (42,-22) (42,-22) (42,-22) (42,-22) (42,-22) (42,-22) (42,-22) (42,-22) (42,-22) (42,-22) (42,-22)
(-20,-8) (89,-83) (-3,59) (87,-96) (35,16) (-15,32) (-32,-43) (88,-53) (69,88) (73,-81) (53,-52) (77,78) (-87,-70) (55,52) (-87,-36) (-41,89) (-70,88) (55,52) (88,-68) (-86,37) (-78,78) (-12,-1) (56,-97) (-76,24) (29,-35) (64,-51) (29,-14) (-85,-15) (-66,10) (49,-40) (26,91) (69,79) (64,43) (-45,55) (-5,88) (-31,57) (-18,73) (56,49) (59,-17) (-6,64) (59,52) (-6,54) (-60,11) (-75,24) (-35,33) (-59,-41) (-77,-96) (49,-7) (50,88) (-8,-17) (49,33) (-91,-79) (41,62) (-28,-33) (-55,-54) (67,26)
(-15,-15) (-15,-15) (-15,-15) (-15,-15) (-15,-15) (-15,-15) (-15,-15) (-15,-15) (-15,-15) (-15,-15) (-15,-15) (-15,-15) (-15,-15) (-15,-15) (-15,-15) (-15,-15) (-15,-15) (-15,-15) (-15,-15) (-15,-15) (-15,-15) (-15,-15) (-15,-15) (-15,-15) (-15,-15) (-15,-15) (-15,-15) (-15,-15) (-15,-15) (-15,-15) (-15,-15) (-15,-15) (-15,-15) (-15,-15) (-15,-15) (-15,-15) (-15,-15) (-15,-15) (-15,-15) (-15,-15) (-15,-15) (-15,-15) (-15,-15) (-15,-15) (-15,-15) (-15,-15) (-15,-15) (-15,-15) (-15,-15) (-15,-15)
(-74,35) (-2,87) (92,-56) (-35,63) (-91,54) (-93,79) (-73,71) (-7,5) (-44,64) (64,58) (58,-28) (-45,46) (66,-74) (-31,70) (10,20) (61,1) (-54,-71) (-32,24) (-14,30) (67,-47) (70,-97) (-56,39) (26,-6) (-53,-37) (10,-55) (92,-21) (83,-23) (29,-88) (-12,-40) (64,38) (-33,-77) (-50,-15) (-6,-3) (-81,94) (-62,-27) (49,-29) (-52,-89) (20,88) (60,85) (-68,-9) (-2,-16) (-41,48) (93,27) (-28,-38) (-97,-67) (43,27) (14,-32) (59,-55) (23,57) (-72,-57) (40,-3) (36,-10) (1,-94) (-71,12) (-77,-18) (60,-51)
(57,97) (-52,-25) (-38,71) (21,-99) (82,-71) (41,95) (-75,-96) (81,16) (81,74) (31,1) (-36,22) (12,-1) (-51,-19) (-66,-7) (-35,90) (78,46) (-8,9) (47,69) (97,-99) (-84,47) (-41,-62) (-76,97) (-88,1) (-58,25) (8,-76) (62,-62) (-18,91) (93,-23) (83,38) (-36,98) (-83,-97) (-10,-95) (-17,81) (85,-86) (-47,-61) (86,76) (53,82) (-29,-88) (70,31) (-6,-4) (60,-29) (53,11) (46,-35) (88,-85) (-91,23) (69,-14) (-37,11) (-79,-52) (-36,44) (99,-67) (-82,-69) (-39,-36) (-6,-99) (32,-55) (-17,-41) (-13,-26)
(-53,-92) (-23,-15) (-1,-25) (-79,-11) (-64,-45) (-95,-98) (-75,-31) (-1,-68) (-77,-26) (-19,-87) (-5,-34) (-78,-10) (-78,-55) (-99,-95) (-27,-8) (-80,-16) (-50,-56) (-98,-71) (-90,-2) (-81,-68) (-56,-33) (-74,-30) (-52,-92) (-96,-28) (-78,-21) (-13,-18) (-53,-63) (-65,-48) (-89,-16) (-54,-14) (-23,-43) (-81,-29) (-48,-28) (-76,-64) (-13,-53) (-66,-52) (-78,-85) (-81,-34) (-50,-81) (-16,-79) (-30,-87) (-68,-96) (-96,-97) (-56,-78) (-56,-16) (-87,-46) (-11,-94) (-39,-91) (-59,-27) (-38,-52)
(-54,-52) (-92,-18) (-24,-72) (-64,-89) (-37,-28) (-26,-90) (-5,-66) (-7,-84) (-83,-31) (-94,-44) (-53,-44) (-73,-86) (-19,-56) (-60,-68) (-31,-99) (-41,-9) (-87,-52) (-39,-17) (-31,-57) (-22,-16) (-19,-20) (-7,-73) (-64,-44) (-71,-14) (-28,-64) (-10,-31) (-34,-39) (-73,-84) (-37,-7) (-59,-28) (-14,-52) (-3,-22) (-10,-19) (-95,-48) (-38,-76) (-57,-76) (-84,-54) (-97,-46) (-22,-76) (-20,-62) (-67,-22) (-58,-82) (-34,-51) (-58,-74) (-91,-67) (-9,-30) (-50,-3) (-41,-69) (-95,-79) (-74,-19)
(-73,-44) (-43,-86) (-86,-93) (-66,-88) (-37,-17) (-83,-71) (-78,-64) (-67,-94) (-74,-79) (-31,-85) (-27,-47) (-24,-35) (-67,-28) (-41,-14) (-52,-98) (-97,-15) (-61,-3) (-42,-95) (-1,-20) (-31,-16) (-62,-32) (-5,-72) (-27,-89) (-77,-35) (-70,-69) (-49,-43) (-42,-72) (-33,-32) (-84,-87) (-85,-39) (-10,-97) (-53,-87) (-76,-70) (-61,-77) (-74,-58) (-46,-89) (-21,-86) (-45,-32) (-1,-44) (-14,-18) (-28,-26) (-72,-75) (-6,-37) (-47,-7) (-14,-26) (-61,-72) (-11,-21) (-28,-83) (-73,-60) (-95,-42)
(9,-7) (-77,36) (-50,43) (82,-91) (-37,-43) (-90,-2) (-45,-42) (22,-67) (72,92) (82,37) (-35,-95) (85,89) (-74,-28) (-26,97) (92,-43) (-11,39) (29,-5) (31,60) (0,-64) (74,99) (53,89) (-83,47) (86,78) (53,16) (-93,-42) (15,17) (-7,-67) (-49,37) (28,90) (-40,-61) (90,-13) (77,85) (72,13) (-58,96) (-77,56) (-35,76) (62,99) (54,-33) (-17,65) (67,54) (18,67) (76,-99) (4,88) (-40,87) (-48,39) (-91,-82) (-74,-95) (-35,-49) (-7,-78) (-30,-30) (-92,-62) (1,-60) (0,98) (43,85) (-39,-92) (41,-9) (-13,62)
(14,-5) (14,-5) (14,-5) (14,-5) (14,-5) (14,-5) (14,-5) (14,-5) (14,-5) (14,-5) (14,-5) (14,-5) (14,-5) (14,-5) (14,-5) (14,-5) (14,-5) (14,-5) (14,-5) (14,-5) (14,-5) (14,-5) (14,-5) (14,-5) (14,-5) (14,-5) (14,-5) (14,-5) (14,-5) (14,-5) (14,-5) (14,-5) (14,-5) (14,-5) (14,-5) (14,-5) (14,-5) (14,-5) (14,-5) (14,-5) (14,-5) (14,-5) (14,-5) (14,-5) (14,-5) (14,-5) (14,-5) (14,-5) (14,-5) (14,-5) (14,-5) (14,-5) (14,-5) (14,-5) (14,-5) (14,-5) (14,-5) (14,-5) (14,-5) (14,-5) (14,-5) (14,-5)
(-60,51) (62,26) (-64,-14) (-36,-88) (-52,-99) (66,-67) (91,-42) (-9,26) (10,-91) (91,-36) (42,-26) (63,22) (-39,-40) (-41,-47) (27,29) (-98,-71) (-86,39) (22,-92) (-69,74) (78,57) (60,76) (12,84) (77,24) (15,-29) (64,37) (47,58) (-23,11) (85,62) (36,-94) (-35,-23) (91,85) (-38,45) (-73,45) (-49,-57) (-75,-47) (-47,-1) (-59,89) (43,-79) (-38,54) (-92,-64) (-6,64) (79,29) (91,-98) (-25,-47) (33,-99) (92,-54) (-97,-90) (54,-89) (87,50) (-77,-14) (-27,-43) (24,-10) (40,7) (-39,65) (59,-97) (80,82)
(33,-25) (33,-25) (33,-25) (33,-25) (33,-25) (33,-25) (33,-25) (33,-25) (33,-25) (33,-25) (33,-25) (33,-25) (33,-25) (33,-25) (33,-25) (33,-25) (33,-25) (33,-25) (33,-25) (33,-25) (33,-25) (33,-25) (33,-25) (33,-25) (33,-25) (33,-25) (33,-25) (33,-25) (33,-25) (33,-25) (33,-25) (33,-25) (33,-25) (33,-25) (33,-25) (33,-25) (33,-25) (33,-25) (33,-25) (33,-25) (33,-25) (33,-25) (33,-25) (33,-25) (33,-25) (33,-25) (33,-25) (33,-25) (33,-25) (33,-25) (33,-25) (33,-25) (33,-25) (33,-25) (33,-25)
(54,38) (46,15) (69,27) (18,85) (-60,24) (-54,24) (-9,29) (75,-76) (91,93) (-62,-69) (-35,44) (-35,3) (21,-14) (14,-86) (4,-9) (94,16) (-49,-19) (59,59) (46,-70) (30,-27) (32,-79) (3,-78) (-40,-21) (59,-15) (-53,70) (55,-1) (-54,12) (97,95) (68,-79) (12,-53) (12,75) (-12,18) (78,51) (66,7) (91,-9) (-84,-18) (28,17) (-68,68) (48,32) (-33,-68) (-1,-62) (5,-7) (85,99) (-28,35) (6,-15) (-82,78) (17,22) (-33,67) (-37,-38) (75,-11) (-74,-56) (-76,-76) (-10,87) (-91,2) (43,-28) (-2,-37) (-55,58)
(-54,-35) (-47,-23) (-39,-52) (-41,-93) (-44,-76) (-96,-85) (-64,-98) (-97,-12) (-89,-69) (-72,-50) (-45,-87) (-57,-32) (-71,-47) (-75,-75) (-4,-60) (-80,-96) (-56,-78) (-22,-17) (-47,-2) (-76,-33) (-51,-52) (-48,-10) (-22,-12) (-56,-25) (-75,-16) (-77,-78) (-75,-70) (-52,-15) (-10,-9) (-25,-61) (-78,-62) (-1,-60) (-15,-86) (-14,-72) (-87,-87) (-3,-99) (-59,-7) (-34,-94) (-91,-43) (-58,-53) (-63,-86) (-17,-88) (-13,-54) (-24,-12) (-45,-56) (-77,-74) (-69,-21) (-41,-80) (-41,-40) (-15,-36)
(96,46) (40,-79) (-53,-4) (-41,-56) (-96,-96) (23,-55) (-17,-31) (-87,-60) (-8,98) (-3,89) (42,23) (59,-70) (69,-82) (-4,-98) (79,38) (94,24) (-61,63) (66,-94) (-71,22) (20,-61) (45,-16) (70,-9) (92,65) (-85,-47) (-66,-73) (24,55) (-32,30) (59,46) (-70,-92) (-5,85) (-67,48) (67,-46) (58,-60) (-89,66) (-52,-65) (-1,56) (-95,35) (-20,2) (-25,-29) (35,-92) (-86,-48) (28,-44) (-82,43) (-1,99) (-92,-37) (79,36) (-82,-12) (19,-4) (-26,12) (62,34) (-1,-14) (-69,-84) (-59,88) (-21,37) (63,-74) (53,33)
(84,21) (63,15) (4,-16) (25,57) (-41,48) (-59,-10) (30,35) (84,-10) (80,97) (-37,-13) (44,-72) (35,46) (34,73) (-76,-26) (97,-28) (70,33) (7,-51) (-24,-28) (-26,20) (94,-83) (-40,-65) (-70,69) (59,79) (-59,-81) (47,-77) (-94,-4) (-28,32) (-70,-72) (-34,45) (-24,-4) (-28,3) (-57,3) (87,-27) (10,50) (99,54) (-58,41) (-92,-48) (-63,40) (42,75) (30,94) (17,-88) (-55,95) (-99,-71) (-69,-83) (-17,69) (7,79) (-37,68) (86,29) (-96,-5) (-41,94) (68,-43) (-60,45) (-93,93) (-76,56) (-51,60) (-61,53)
(80,-38) (0,-79) (97,-62) (-4,-2) (-23,37) (75,3) (10,41) (-76,88) (70,66) (-28,41) (-5,76) (-89,0) (44,44) (-82,68) (-60,64) (-91,-98) (-87,-75) (-69,-98) (-74,-46) (-30,-23) (-98,-72) (-84,78) (92,-89) (72,74) (23,9) (-62,-57) (76,-10) (-75,77) (39,19) (-12,-1) (-48,20) (47,0) (-21,34) (-32,86) (-12,42) (-50,-50) (10,-46) (-93,-31) (-96,66) (2,4) (77,54) (87,-95) (30,57) (-3,30) (-33,-78) (88,-2) (55,78) (-95,-3) (-29,-65) (-51,-3) (-19,16) (27,-28) (94,37) (-36,-39) (-68,-50) (94,65)
(-51,-63) (56,19) (31,50) (-72,80) (85,-80) (31,22) (-53,-50) (37,25) (21,-62) (51,-95) (12,61) (21,41) (59,-84) (18,29) (64,-64) (49,-8) (-26,-34) (15,55) (-3,29) (-21,-33) (35,97) (50,-76) (15,-45) (16,53) (-52,-11) (66,82) (79,16) (44,-75) (48,-76) (-97,-34) (20,-48) (33,82) (32,47) (-2,40) (-49,69) (-24,51) (-37,-25) (46,6) (-84,-31) (60,-35) (83,41) (84,95) (-32,53) (18,41) (-81,27) (7,48) (-13,63) (-28,-49) (-71,44) (-10,-24) (62,-32) (-56,58) (-65,81) (-68,42) (53,70) (-39,-14) (-34,-7)
(-52,28) (38,-65) (-85,-32) (65,-88) (8,-98) (-29,78) (47,60) (95,2) (-95,0) (4,76) (-27,80) (-6,93) (68,-26) (77,12) (94,79) (58,26) (-14,24) (-85,74) (52,29) (-13,12) (-40,71) (-37,-89) (-71,58) (79,71) (-98,-31) (-62,-79) (-51,-45) (97,-47) (17,47) (21,-3) (-29,-18) (-48,-71) (60,84) (21,42) (-74,-5) (-71,84) (-30,-11) (19,31) (-30,89) (-72,-79) (15,-16) (60,33) (-80,-33) (57,-72) (81,64) (-38,-85) (-39,4) (71,15) (-12,60) (94,-36) (-90,-20) (-63,-80) (62,20) (-64,-87) (59,-50) (67,-4)
(-78,-41) (-35,-12) (-14,-16) (-1,-28) (-37,-94) (-1,-72) (-65,-36) (-82,-75) (-34,-47) (-37,-47) (-73,-89) (-81,-4) (-72,-89) (-96,-12) (-51,-17) (-40,-11) (-17,-79) (-40,-18) (-41,-99) (-93,-14) (-70,-73) (-66,-14) (-86,-68) (-16,-92) (-18,-87) (-12,-55) (-9,-44) (-70,-86) (-31,-57) (-22,-97) (-62,-99) (-38,-82) (-65,-11) (-35,-51) (-76,-35) (-14,-7) (-7,-42) (-33,-59) (-54,-12) (-56,-34) (-28,-38) (-31,-78) (-50,-9) (-68,-37) (-41,-41) (-98,-92) (-49,-35) (-57,-6) (-74,-91) (-27,-33)
(-12,-43) (-33,-49) (-69,-96) (-55,-39) (-53,-35) (-34,-87) (-21,-33) (-10,-80) (-17,-60) (-43,-19) (-74,-39) (-87,-74) (-62,-84) (-16,-94) (-17,-9) (-25,-68) (-23,-28) (-16,-59) (-14,-13) (-11,-3) (-30,-58) (-24,-48) (-93,-28) (-78,-19) (-30,-78) (-40,-16) (-89,-96) (-90,-82) (-21,-26) (-6,-34) (-32,-49) (-41,-6) (-84,-18) (-89,-58) (-68,-61) (-32,-65) (-24,-86) (-1,-9) (-76,-9) (-75,-41) (-93,-94) (-49,-54) (-69,-70) (-34,-75) (-94,-3) (-88,-67) (-50,-96) (-22,-32) (-24,-85) (-74,-92)
(26,-42) (26,-42) (26,-42) (26,-42) (26,-42) (26,-42) (26,-42) (26,-42) (26,-42) (26,-42) (26,-42) (26,-42) (26,-42) (26,-42) (26,-42) (26,-42) (26,-42) (26,-42) (26,-42) (26,-42) (26,-42) (26,-42) (26,-42) (26,-42) (26,-42) (26,-42) (26,-42) (26,-42) (26,-42) (26,-42) (26,-42) (26,-42) (26,-42) (26,-42) (26,-42) (26,-42) (26,-42) (26,-42) (26,-42) (26,-42) (26,-42) (26,-42) (26,-42) (26,-42) (26,-42) (26,-42) (26,-42) (26,-42) (26,-42) (26,-42) (26,-42) (26,-42) (26,-42) (26,-42) (26,-42)
(8,89) (56,-93) (-21,59) (60,17) (57,-6) (-63,-57) (4,-41) (64,-43) (30,-90) (-62,68) (36,41) (53,15) (14,26) (9,-96) (-78,62) (73,-26) (90,43) (25,92) (-7,16) (-33,27) (99,-45) (-42,-9) (88,1) (-12,14) (-56,37) (56,-49) (56,-85) (-21,-96) (24,-31) (88,16) (58,-6) (51,78) (-7,-62) (-79,29) (-38,-81) (68,35) (58,-89) (-22,28) (0,66) (97,53) (-50,-48) (-85,-97) (92,7) (-15,88) (-89,-91) (-23,-71) (11,89) (-40,-15) (79,-50) (66,-23) (28,-9) (92,42) (4,57) (31,76) (83,15) (-76,-46) (-66,43)
(-11,-52) (-81,-26) (-27,-3) (-44,-92) (-67,-56) (-84,-13) (-93,-89) (-10,-76) (-78,-89) (-26,-77) (-30,-59) (-47,-82) (-16,-56) (-23,-55) (-7,-51) (-43,-6) (-74,-78) (-86,-23) (-64,-50) (-26,-5) (-52,-64) (-2,-44) (-90,-83) (-47,-26) (-94,-84) (-79,-76) (-25,-65) (-97,-45) (-47,-51) (-43,-55) (-84,-14) (-21,-3) (-83,-79) (-48,-35) (-53,-1) (-84,-54) (-13,-86) (-5,-38) (-15,-86) (-81,-4) (-51,-95) (-41,-14) (-69,-26) (-27,-21) (-43,-42) (-55,-77) (-60,-2) (-33,-92) (-86,-62) (-61,-17) (-27,-52)
(-23,-93) (-48,-95) (96,-94) (-69,-42) (-25,-26) (18,-44) (-16,59) (15,-66) (-17,-21) (29,76) (-72,96) (23,9) (-62,-24) (-6,78) (-95,-58) (-42,-98) (-70,-51) (53,-47) (-85,-10) (-66,40) (27,-92) (-75,-60) (51,59) (91,98) (-2,-49) (5,-65) (22,-88) (84,-57) (-87,-78) (-34,-55) (43,-23) (59,-63) (33,77) (-17,48) (79,78) (94,-33) (61,57) (69,-37) (-60,-34) (-83,38) (-7,-83) (93,-68) (38,75) (87,26) (-9,48) (37,52) (14,80) (37,-33) (-82,-81) (-57,-7) (10,-56) (-71,93) (45,9) (-5,-84) (63,18)
(31,-27) (9,-75) (-62,-18) (-86,-88) (-97,79) (55,-56) (-90,-98) (-6,2) (-34,-16) (64,34) (-14,59) (25,69) (-30,-92) (5,-60) (2,43) (56,-9) (-57,94) (-71,-67) (13,-64) (-69,-61) (70,66) (-26,-67) (-82,-17) (-21,23) (29,60) (71,76) (89,99) (69,91) (78,-20) (-41,89) (-88,64) (41,45) (89,9) (-10,60) (-82,11) (71,-21) (18,-39) (-22,26) (-26,-20) (-88,38) (-22,-12) (16,78) (-35,-97) (5,52) (22,43) (31,-7) (5,-55) (79,-95) (55,-27) (82,-19) (-66,5) (-64,-81) (-33,45) (72,-64) (51,30) (-57,47) (42,-8)
(98,-77) (88,39) (86,88) (95,26) (-73,40) (23,15) (36,75) (74,99) (90,85) (33,37) (-85,-62) (-37,-58) (42,52) (-55,87) (-85,-55) (47,-85) (-45,-79) (15,-52) (10,37) (-49,5) (-61,83) (66,36) (53,72) (86,47) (86,77) (-31,47) (78,-51) (58,-39) (-17,49) (-8,-23) (-57,-20) (26,-57) (89,93) (-77,-45) (86,-73) (-73,10) (8,68) (62,-72) (88,32) (-68,64) (-66,77) (-87,-56) (54,-50) (29,-60) (31,12) (-25,47) (30,-62) (-71,1) (-23,-14) (-16,-8) (75,38) (61,77) (92,-54) (-85,99) (-76,-61) (-10,-55) (18,72)
(-13,-37) (-13,-37) (-13,-37) (-13,-37) (-13,-37) (-13,-37) (-13,-37) (-13,-37) (-13,-37) (-13,-37) (-13,-37) (-13,-37) (-13,-37) (-13,-37) (-13,-37) (-13,-37) (-13,-37) (-13,-37) (-13,-37) (-13,-37) (-13,-37) (-13,-37) (-13,-37) (-13,-37) (-13,-37) (-13,-37) (-13,-37) (-13,-37) (-13,-37) (-13,-37) (-13,-37) (-13,-37) (-13,-37) (-13,-37) (-13,-37) (-13,-37) (-13,-37) (-13,-37) (-13,-37) (-13,-37) (-13,-37) (-13,-37) (-13,-37) (-13,-37) (-13,-37) (-13,-37) (-13,-37) (-13,-37) (-13,-37) (-13,-37)
(-76,-72) (-76,40) (14,-96) (72,-4) (44,-4) (82,-54) (-1,27) (94,-90) (-5,-84) (-50,57) (-37,88) (-25,-96) (-14,-32) (-17,99) (83,95) (-78,3) (-35,53) (81,-12) (70,85) (-40,-28) (-90,-34) (-31,-52) (-84,-95) (-95,-30) (-75,-18) (65,66) (60,-73) (32,76) (8,71) (-31,15) (62,37) (0,1) (-90,7) (-39,-76) (-14,87) (97,93) (-6,71) (58,-80) (97,22) (-68,-69) (-47,-41) (26,68) (-17,82) (-68,-48) (-31,21) (-84,-42) (92,-55) (81,-91) (39,8) (-23,-75) (-17,-14) (15,-81) (-51,68) (-30,-1) (46,-73) (3,-1)
(77,82) (68,58) (-91,16) (-8,-68) (30,26) (99,89) (-7,-65) (-60,3) (46,27) (32,-53) (12,38) (-63,-27) (-1,29) (82,10) (82,78) (-81,-74) (-75,-60) (38,20) (96,-11) (86,-36) (69,-44) (-58,8) (7,19) (50,-20) (44,89) (56,-14) (-43,16) (80,-13) (-23,-22) (94,-14) (-46,8) (79,91) (91,98) (85,-41) (-22,7) (-56,-5) (-11,65) (-59,-23) (15,29) (73,87) (-99,36) (16,-67) (-94,-70) (-70,-94) (-21,-90) (-78,-49) (-70,9) (-62,72) (-92,35) (-46,-36) (64,-12) (-56,-86) (-78,-46) (13,38) (47,49) (12,-4) (62,-61)
(47,-36) (1,4) (-72,83) (-20,81) (-59,86) (28,-39) (-34,-18) (21,8) (61,-33) (-29,-43) (24,26) (-46,93) (80,-69) (62,-30) (98,20) (-23,-17) (-63,-86) (-39,-19) (19,-69) (48,-1) (63,-47) (-37,82) (85,46) (60,-85) (-46,-42) (-6,20) (36,19) (-88,99) (54,22) (-6,27) (-28,18) (-1,-10) (62,-55) (-46,14) (44,-4) (-95,63) (87,-51) (94,62) (10,13) (1,55) (45,-38) (-2,-4) (98,23) (-41,-97) (91,92) (-48,88) (65,81) (-14,-91) (30,-79) (-33,17) (5,85) (-39,30) (85,0) (-7,-67) (-91,-97) (-77,-19) (59,66)
(38,40) (38,40) (38,40) (38,40) (38,40) (38,40) (38,40) (38,40) (38,40) (38,40) (38,40) (38,40) (38,40) (38,40) (38,40) (38,40) (38,40) (38,40) (38,40) (38,40) (38,40) (38,40) (38,40) (38,40) (38,40) (38,40) (38,40) (38,40) (38,40) (38,40) (38,40) (38,40) (38,40) (38,40) (38,40) (38,40) (38,40) (38,40) (38,40) (38,40) (38,40) (38,40) (38,40) (38,40) (38,40) (38,40) (38,40) (38,40) (38,40) (38,40) (38,40) (38,40) (38,40) (38,40) (38,40) (38,40) (38,40) (38,40) (38,40) (38,40) (38,40) (38,40)
(-49,-67) (-61,80) (-75,-97) (-75,-57) (-2,6) (96,-83) (-61,15) (-10,72) (13,57) (90,-54) (15,-77) (78,19) (58,-17) (-90,83) (29,91) (89,5) (-94,43) (-20,-45) (-81,74) (-17,-89) (-83,25) (-99,39) (40,-85) (75,-83) (26,41) (-16,-66) (-81,95) (22,12) (-53,96) (0,79) (-90,-4) (42,-9) (83,-92) (30,76) (72,89) (-10,73) (-42,59) (-24,-54) (-11,31) (-74,39) (13,27) (-40,-24) (14,-48) (20,15) (-69,17) (-97,90) (45,-60) (3,-64) (93,45) (6,98) (68,10) (27,82) (-54,-61) (-6,0) (2,5) (-31,64) (-84,-25)
(67,3) (-57,-18) (-14,-33) (66,31) (-7,-35) (50,-15) (-93,67) (-6,-98) (32,-45) (-37,-88) (-17,-72) (-38,-39) (-11,-92) (-78,-5) (23,26) (49,-48) (-23,60) (-71,83) (-87,-80) (53,38) (-33,97) (6,31) (-59,-53) (55,9) (-17,52) (8,-61) (32,-52) (-41,27) (85,-68) (23,55) (93,39) (-24,18) (89,94) (-68,-55) (-89,38) (88,-23) (-20,-22) (-13,6) (75,33) (-40,-24) (63,-13) (-96,-77) (-82,-4) (6,79) (-79,-78) (15,-46) (80,-52) (-49,64) (-16,-40) (96,-68) (24,-32) (61,85) (44,-38) (79,-23) (-87,76)
(-36,44) (-36,44) (-36,44) (-36,44) (-36,44) (-36,44) (-36,44) (-36,44) (-36,44) (-36,44) (-36,44) (-36,44) (-36,44) (-36,44) (-36,44) (-36,44) (-36,44) (-36,44) (-36,44) (-36,44) (-36,44) (-36,44) (-36,44) (-36,44) (-36,44) (-36,44) (-36,44) (-36,44) (-36,44) (-36,44) (-36,44) (-36,44) (-36,44) (-36,44) (-36,44) (-36,44) (-36,44) (-36,44) (-36,44) (-36,44) (-36,44) (-36,44) (-36,44) (-36,44) (-36,44) (-36,44) (-36,44) (-36,44) (-36,44) (-36,44) (-36,44) (-36,44) (-36,44) (-36,44) (-36,44)
(33,-73) (-19,-55) (63,21) (-56,22) (59,-38) (97,-32) (-73,14) (10,-25) (14,-47) (-70,-45) (-91,-97) (-89,41) (42,-81) (-6,98) (-30,38) (-28,62) (67,-43) (-30,-78) (37,93) (-70,-53) (-49,-97) (-63,97) (-90,-8) (-83,92) (89,-80) (-96,18) (-27,18) (99,-40) (11,53) (-69,-20) (-8,-86) (16,42) (86,66) (-17,37) (1,-49) (-21,-12) (-33,1) (53,24) (-15,84) (33,-68) (-26,31) (-40,-63) (-96,9) (-38,63) (-33,-83) (-15,-89) (44,-25) (62,-95) (-99,16) (74,86) (86,-34) (-55,98) (34,57) (-48,-18) (26,94)
(-81,-28) (-99,-38) (-63,-59) (-48,-52) (-40,-13) (-80,-24) (-39,-45) (-15,-36) (-96,-44) (-25,-83) (-77,-3) (-52,-51) (-67,-7) (-18,-51) (-98,-71) (-68,-40) (-63,-15) (-10,-98) (-65,-77) (-59,-74) (-88,-42) (-93,-24) (-9,-45) (-79,-5) (-56,-76) (-3,-3) (-75,-51) (-27,-21) (-29,-17) (-76,-68) (-98,-25) (-18,-75) (-63,-60) (-68,-25) (-60,-63) (-56,-39) (-29,-92) (-8,-73) (-82,-43) (-19,-92) (-49,-43) (-22,-65) (-82,-61) (-74,-56) (-36,-53) (-88,-61) (-65,-60) (-21,-40) (-22,-85) (-77,-59)
(42,87) (-60,6) (33,-37) (26,-58) (-6,36) (-84,74) (-74,56) (-11,53) (57,-56) (-48,34) (9,-73) (-25,7) (-39,-39) (-1,17) (-6,84) (-4,48) (2,57) (-10,-16) (96,55) (-71,11) (-47,51) (23,95) (-55,15) (37,-51) (21,-6) (48,-32) (-40,-9) (67,-65) (-4,-58) (-84,76) (82,32) (-18,63) (8,72) (-44,-73) (36,10) (57,-98) (-40,-78) (-31,-78) (-3,-51) (94,-28) (36,-24) (-57,46) (93,33) (37,-83) (-31,1) (10,-50) (65,-66) (48,17) (-84,8) (-26,35) (72,-54) (-28,-67) (2,-8) (58,38) (-43,-28) (-17,90) (74,24)
(-75,-88) (-85,-60) (-67,-41) (-59,-36) (-90,-22) (-55,-58) (-83,-52) (-15,-50) (-69,-78) (-80,-20) (-47,-26) (-92,-90) (-29,-9) (-65,-63) (-11,-76) (-97,-25) (-2,-75) (-23,-11) (-24,-56) (-53,-81) (-39,-37) (-91,-8) (-74,-96) (-84,-70) (-13,-39) (-19,-66) (-5,-48) (-89,-5) (-91,-50) (-15,-10) (-50,-94) (-99,-33) (-31,-9) (-1,-44) (-21,-24) (-98,-91) (-43,-95) (-60,-32) (-14,-59) (-12,-55) (-98,-38) (-9,-70) (-87,-5) (-80,-67) (-32,-37) (-73,-41) (-2,-1) (-11,-62) (-45,-66) (-77,-91) (-31,-94)
(30,41) (30,41) (30,41) (30,41) (30,41) (30,41) (30,41) (30,41) (30,41) (30,41) (30,41) (30,41) (30,41) (30,41) (30,41) (30,41) (30,41) (30,41) (30,41) (30,41) (30,41) (30,41) (30,41) (30,41) (30,41) (30,41) (30,41) (30,41) (30,41) (30,41) (30,41) (30,41) (30,41) (30,41) (30,41) (30,41) (30,41) (30,41) (30,41) (30,41) (30,41) (30,41) (30,41) (30,41) (30,41) (30,41) (30,41) (30,41) (30,41) (30,41) (30,41) (30,41) (30,41) (30,41) (30,41) (30,41) (30,41) (30,41) (30,41) (30,41) (30,41) (30,41)
(67,-56) (-84,-5) (12,35) (-31,82) (-82,-67) (79,82) (-65,84) (-2,61) (-5,57) (-94,-41) (-12,23) (-31,-99) (42,61) (-21,-61) (27,11) (16,48) (-33,95) (77,12) (77,-87) (81,11) (41,26) (97,26) (-2,92) (26,-80) (-96,23) (-79,70) (45,-84) (-74,-52) (31,52) (-28,53) (29,-72) (-9,31) (-88,74) (-98,-36) (-4,49) (-94,67) (-3,-70) (-66,67) (84,1) (26,33) (-38,-33) (75,-50) (-6,-94) (4,22) (-23,-33) (23,25) (77,98) (88,-6) (-65,65) (72,67) (47,-46) (7,76) (-89,97) (56,-66) (65,3) (-91,-69) (68,30)
(21,31) (21,31) (21,31) (21,31) (21,31) (21,31) (21,31) (21,31) (21,31) (21,31) (21,31) (21,31) (21,31) (21,31) (21,31) (21,31) (21,31) (21,31) (21,31) (21,31) (21,31) (21,31) (21,31) (21,31) (21,31) (21,31) (21,31) (21,31) (21,31) (21,31) (21,31) (21,31) (21,31) (21,31) (21,31) (21,31) (21,31) (21,31) (21,31) (21,31) (21,31) (21,31) (21,31) (21,31) (21,31) (21,31) (21,31) (21,31) (21,31) (21,31) (21,31) (21,31) (21,31) (21,31) (21,31) (21,31) (21,31) (21,31) (21,31) (21,31) (21,31) (21,31)
(67,18) (30,9) (95,-17) (26,-54) (43,50) (-98,21) (73,-53) (-65,25) (91,17) (-41,-83) (53,70) (72,-96) (-26,-86) (-26,-11) (11,9) (-31,38) (3,62) (-32,53) (92,-7) (-16,74) (-43,-38) (-39,44) (13,38) (-89,-74) (96,84) (0,-98) (9,30) (21,55) (-29,-69) (-26,63) (83,-87) (-61,-24) (45,0) (51,32) (43,34) (-8,29) (94,-53) (20,87) (-50,85) (75,-82) (-87,-21) (-8,82) (-70,-6) (81,56) (75,-43) (-2,74) (1,77) (55,4) (-69,5) (72,17) (56,-41) (-91,86) (-31,14) (81,-20) (-22,89) (-36,-39) (-31,-46) (-6,-59)
(-93,-79) (-44,-24) (-30,-7) (-77,-7) (-77,-46) (-87,-64) (-23,-96) (-62,-3) (-8,-27) (-28,-98) (-74,-59) (-27,-48) (-78,-51) (-69,-91) (-9,-21) (-15,-3) (-24,-80) (-18,-12) (-4,-21) (-69,-55) (-73,-49) (-67,-17) (-81,-44) (-86,-89) (-41,-64) (-88,-1) (-25,-64) (-43,-23) (-47,-19) (-47,-10) (-57,-10) (-78,-25) (-84,-90) (-14,-43) (-72,-71) (-28,-62) (-28,-41) (-92,-7) (-43,-45) (-20,-49) (-4,-59) (-89,-78) (-88,-6) (-64,-29) (-86,-32) (-14,-36) (-90,-66) (-68,-9) (-43,-93) (-68,-82) (-27,-43)
(5,50)
(70,8) (58,88) (70,-7) (90,-77) (-42,16) (-39,37) (33,-67) (49,-62) (86,-24) (-24,73) (98,29) (57,-43) (-56,2) (37,58) (-70,-73) (-32,95) (-89,-35) (37,74) (68,32) (-98,-55) (-89,84) (-35,-33) (-65,-3) (-57,-29) (56,36) (-2,-86) (17,83) (37,42) (-49,-45) (96,-43) (-78,-79) (87,7) (91,-28) (-33,-43) (-43,-54) (-48,-91) (47,-46) (-83,25) (57,30) (63,8) (-3,-13) (-65,93) (-68,13) (66,-34) (60,-8) (5,54) (42,-96) (-20,51) (71,-34) (51,-80) (-71,-83) (-95,1) (6,8) (12,24) (87,39) (-58,66) (-22,-78)
(-70,-25)
(17,86) (13,37) (58,38) (97,7) (-87,-15) (-71,-81) (-51,-8) (-8,-6) (35,-52) (92,58) (-52,-22) (88,16) (-75,-28) (-36,94) (-48,0) (74,-96) (35,-20) (23,46) (98,44) (89,86) (-65,97) (26,59) (-86,-33) (-92,-50) (39,67) (-77,-33) (-40,19) (31,11) (14,82) (-14,65) (84,92) (-15,18) (88,-6) (-43,-13) (-83,-7) (-65,-27) (-28,98) (83,-81) (47,-67) (-52,17) (47,-41) (-30,-83) (-93,-65) (-63,-24) (66,1) (-63,-70) (-13,13) (-52,62) (38,7) (89,-91) (-40,29) (-98,-90) (88,61) (28,-51) (-17,4) (84,85)
(-94,-12) (2,-70) (77,76) (45,57) (35,93) (81,85) (55,-47) (-79,-56) (28,-73) (-78,15) (12,46) (-81,5) (95,73) (-13,0) (-65,-24) (-42,73) (39,-8) (2,-87) (62,66) (90,71) (-61,-55) (-33,-39) (-25,-71) (2,99) (-74,-30) (-94,75) (-66,89) (65,-52) (14,-71) (-81,31) (-72,69) (-18,40) (34,5) (-97,-17) (85,-56) (86,-65) (69,90) (68,-38) (-2,-18) (20,-99) (3,-54) (89,23) (-61,-58) (-98,-86) (5,-56) (-38,-62) (72,-89) (73,80) (-9,-5) (-32,97) (-60,78) (62,26) (-3,19) (-80,-85) (-83,-52) (-83,-49)
(34,-72)
(-37,-55) (-28,-92) (22,18) (-61,-8) (96,-38) (91,14) (-61,63) (3,95) (-60,98) (-85,-13) (-15,5) (-7,-91) (94,-8) (39,76) (64,-92) (-74,-24) (98,79) (-45,-90) (-91,98) (88,17) (-98,63) (-87,56) (88,-4) (51,88) (72,-15) (-99,93) (-77,47) (65,71) (34,64) (-12,54) (99,88) (-16,-92) (-16,64) (96,60) (-9,-84) (54,-41) (-34,-20) (-87,46) (-72,37) (-21,-91) (-86,1) (57,35) (-45,26) (-71,-81) (-21,-2) (-91,-44) (-19,37) (-62,29) (56,-56) (55,-64) (-58,41) (21,-17) (-78,-68) (40,-70) (-78,-97) (47,-4)
(17,6) (17,6) (17,6) (17,6) (17,6) (17,6) (17,6) (17,6) (17,6) (17,6) (17,6) (17,6) (17,6) (17,6) (17,6) (17,6) (17,6) (17,6) (17,6) (17,6) (17,6) (17,6) (17,6) (17,6) (17,6) (17,6) (17,6) (17,6) (17,6) (17,6) (17,6) (17,6) (17,6) (17,6) (17,6) (17,6) (17,6) (17,6) (17,6) (17,6) (17,6) (17,6) (17,6) (17,6) (17,6) (17,6) (17,6) (17,6) (17,6) (17,6) (17,6) (17,6) (17,6) (17,6) (17,6) (17,6) (17,6) (17,6) (17,6) (17,6) (17,6) (17,6) (17,6) (17,6) (17,6) (17,6) (17,6) (17,6) (17,6) (17,6) (17,6)
(66,30) (-15,30) (-79,-48) (33,-15) (85,-50) (-17,43) (-93,66) (75,-28) (96,-12) (-17,-26) (-19,-31) (-2,-26) (-79,-42) (62,-68) (-71,-67) (19,34) (-78,29) (22,-23) (-53,51) (-25,22) (76,-55) (43,91) (60,-92) (-36,30) (17,3) (32,25) (92,-49) (-98,-32) (13,66) (-70,38) (15,-43) (89,32) (76,62) (-80,-10) (28,54) (71,-90) (42,-82) (-10,65) (-79,-83) (-39,1) (-93,80) (45,57) (14,-74) (18,-84) (63,-28) (-86,53) (-82,-23) (98,32) (-96,94) (-34,68) (-68,80) (33,-83) (82,80) (-47,-29) (-39,31) (-42,-3)
(-83,0) (44,-27) (-5,62) (51,61) (93,77) (-3,85) (-77,73) (-37,-42) (-14,-46) (-89,50) (14,-94) (-42,10) (-22,17) (49,4) (-38,-82) (-48,40) (-97,-99) (9,-41) (59,-6) (-63,16) (6,14) (4,36) (-89,-42) (-2,-15) (-12,-41) (-93,-82) (93,-70) (70,12) (33,-62) (46,-60) (65,18) (-58,-99) (16,71) (19,-27) (-7,-35) (-28,-64) (-38,12) (-97,-12) (28,-1) (0,59) (3,-62) (-46,94) (-91,24) (46,76) (84,-17) (39,-58) (83,-22) (62,85) (21,-16) (-13,7) (77,99) (26,-12) (-11,37) (73,-43) (3,-66) (11,-42) (40,-52)
(79,79)
(-35,-62) (-37,-74) (-68,-83) (-46,-28) (-16,-91) (-29,-16) (-78,-90) (-63,-44) (-84,-92) (-88,-28) (-49,-79) (-71,-67) (-63,-1) (-6,-64) (-95,-83) (-14,-9) (-24,-55) (-83,-25) (-50,-9) (-92,-43) (-34,-99) (-77,-18) (-51,-95) (-13,-84) (-71,-92) (-37,-34) (-91,-41) (-44,-85) (-14,-38) (-5,-74) (-72,-80) (-57,-66) (-94,-40) (-38,-19) (-55,-25) (-94,-80) (-96,-72) (-28,-64) (-15,-95) (-8,-27) (-77,-36) (-67,-95) (-25,-97) (-84,-96) (-84,-6) (-29,-49) (-44,-68) (-89,-71) (-42,-29) (-61,-10)
(-8,-29) (-8,-29) (-8,-29) (-8,-29) (-8,-29) (-8,-29) (-8,-29) (-8,-29) (-8,-29) (-8,-29) (-8,-29) (-8,-29) (-8,-29) (-8,-29) (-8,-29) (-8,-29) (-8,-29) (-8,-29) (-8,-29) (-8,-29) (-8,-29) (-8,-29) (-8,-29) (-8,-29) (-8,-29) (-8,-29) (-8,-29) (-8,-29) (-8,-29) (-8,-29) (-8,-29) (-8,-29) (-8,-29) (-8,-29) (-8,-29) (-8,-29) (-8,-29) (-8,-29) (-8,-29) (-8,-29) (-8,-29) (-8,-29) (-8,-29) (-8,-29) (-8,-29) (-8,-29) (-8,-29) (-8,-29) (-8,-29) (-8,-29) (-8,-29) (-8,-29) (-8,-29) (-8,-29) (-8,-29)
(50,2) (50,2) (50,2) (50,2) (50,2) (50,2) (50,2) (50,2) (50,2) (50,2) (50,2) (50,2) (50,2) (50,2) (50,2) (50,2) (50,2) (50,2) (50,2) (50,2) (50,2) (50,2) (50,2) (50,2) (50,2) (50,2) (50,2) (50,2) (50,2) (50,2) (50,2) (50,2) (50,2) (50,2) (50,2) (50,2) (50,2) (50,2) (50,2) (50,2) (50,2) (50,2) (50,2) (50,2) (50,2) (50,2) (50,2) (50,2) (50,2) (50,2) (50,2) (50,2) (50,2) (50,2) (50,2) (50,2) (50,2) (50,2) (50,2) (50,2) (50,2) (50,2) (50,2) (50,2) (50,2) (50,2) (50,2) (50,2) (50,2) (50,2) (50,2)
(88,-24) (47,-26) (41,-79) (-93,93) (49,88) (22,-18) (-68,-90) (-83,17) (49,46) (-92,72) (52,54) (56,47) (-25,-65) (16,75) (-62,-69) (-94,82) (-28,9) (-43,80) (85,71) (-17,58) (14,-71) (-75,-59) (57,67) (6,92) (-27,31) (65,-87) (35,31) (88,79) (4,86) (-30,-62) (-44,15) (49,-54) (-93,25) (-82,64) (93,8) (29,-92) (-74,6) (30,17) (-19,42) (-11,-93) (82,85) (-9,-42) (-73,71) (14,-41) (10,93) (94,28) (-76,-58) (49,-62) (27,-76) (23,-83) (-89,-3) (69,1) (-62,-35) (-54,-30) (-78,54) (51,-7) (30,36)
(-59,64) (-34,-86) (49,-90) (-58,-64) (-27,-41) (-46,58) (-57,-74) (65,-33) (-53,-71) (-5,-44) (-76,-5) (-11,19) (18,38) (-89,-98) (85,-41) (-81,-33) (-64,64) (-75,-54) (-73,-76) (-24,17) (56,-65) (-9,78) (-23,63) (63,27) (-91,81) (82,-17) (-15,-11) (-75,54) (-41,-83) (-91,95) (-27,2) (3,13) (34,-67) (-54,65) (1,-1) (-46,84) (-29,-60) (45,50) (48,21) (94,-81) (-72,6) (-36,25) (85,-63) (5,61) (-2,64) (93,-46) (88,83) (-93,-80) (95,43) (2,-15) (88,-92) (-38,-82) (37,-5) (23,59) (24,-70) (25,69)
(85,9) (-95,-36) (-50,99) (-64,83) (36,-50) (8,34) (65,-45) (96,42) (94,-55) (37,95) (54,-95) (-7,-54) (56,-39) (-46,57) (21,-45) (75,-83) (74,-47) (25,5) (66,80) (-68,-66) (-6,7) (-6,1) (-68,-7) (2,-64) (81,0) (-81,-44) (-6,64) (-60,-32) (-88,-32) (88,49) (-91,-28) (82,-53) (-82,-43) (62,-93) (8,-27) (-93,-98) (91,-45) (6,-51) (-33,39) (90,47) (73,16) (99,-56) (80,-92) (5,10) (-5,48) (-80,42) (64,-42) (32,-50) (68,1) (-62,-78) (59,-54) (27,69) (-61,29) (-64,62) (-21,-98) (64,-85) (-3,-6)
(-5,-70) (63,-43) (59,-12) (15,13) (-37,-36) (58,-83) (-99,83) (87,-22) (-20,89) (-25,71) (-13,69) (-11,-45) (63,41) (-66,91) (53,-75) (36,-86) (83,20) (69,54) (-52,-68) (-75,-29) (-95,-11) (-19,-32) (-75,-1) (65,23) (-48,-53) (92,20) (-92,92) (-98,-6) (-47,87) (87,-86) (65,8) (-97,11) (-92,77) (67,96) (-82,50) (-65,-62) (89,59) (-47,-64) (-81,45) (38,88) (4,-3) (-49,-64) (-25,97) (61,75) (-25,-71) (72,-42) (79,77) (-38,-41) (83,15) (43,12) (60,-17) (96,-42) (15,-48) (-88,77) (40,-21) (-11,-61)
(-13,58) (45,60) (-88,-71) (-37,48) (51,12) (-34,15) (27,99) (-72,58) (-18,-68) (-24,58) (77,-32) (5,-34) (61,78) (68,-74) (-16,45) (91,79) (-85,78) (-27,-66) (-87,-33) (-31,92) (-41,-91) (43,9) (19,1) (-38,-34) (-28,45) (-86,-67) (93,-76) (19,19) (27,96) (37,28) (-17,-43) (-45,-51) (9,-99) (63,-9) (-41,94) (99,39) (85,10) (-40,88) (-26,-55) (6,86) (-27,-68) (55,-90) (11,-40) (-33,14) (44,-65) (96,-5) (-30,57) (-42,34) (-52,-76) (-99,56) (12,52) (77,-9) (-60,5) (-48,2) (65,78) (6,-99) (9,75)
(-3,53) (-58,-59) (-48,43) (-38,-51) (58,-43) (99,26) (96,17) (-22,85) (46,-36) (-18,64) (-93,-99) (-6,0) (14,-53) (55,68) (-1,12) (32,30) (-46,89) (80,-8) (29,-95) (0,39) (-50,-8) (18,-64) (-1,-58) (4,33) (-22,91) (70,60) (89,83) (98,39) (27,73) (-98,-46) (80,-31) (47,-41) (-77,-87) (-36,-81) (89,17) (-68,87) (36,99) (-33,-76) (85,-31) (-46,16) (13,44) (-86,2) (90,-1) (-46,-12) (70,17) (-76,-50) (89,63) (-3,48) (-35,-80) (-82,83) (59,-89) (12,35) (-64,42) (94,11) (-86,-11) (3,-33) (-49,24)
(-32,-63)
(-36,-66)
(-34,-27) (53,42) (-52,-70) (-72,89) (-60,75) (22,29) (83,22) (-24,32) (-71,18) (12,-33) (-39,-95) (-41,-17) (-91,43) (62,97) (47,71) (1,13) (-99,22) (-39,2) (5,56) (95,-30) (-48,-27) (-70,79) (53,-26) (-84,9) (50,-40) (-16,6) (-68,-28) (86,-47) (-81,-12) (1,72) (21,-43) (-32,-53) (-2,-69) (-92,92) (-34,14) (-78,92) (-19,-99) (-60,26) (82,-42) (26,-55) (51,-18) (-8,59) (-30,35) (52,44) (71,-85) (70,-43) (98,-69) (70,-57) (-34,41) (-91,-11) (48,-25) (17,-54) (-94,29) (-45,-42) (-53,-9) (-34,-16)
(57,-73)
(34,-89) (81,-13) (-71,97) (87,17) (95,-6) (93,96) (-2,90) (87,63) (-5,75) (44,-53) (1,-35) (74,59) (83,74) (33,-95) (68,-15) (44,29) (36,78) (22,-72) (46,9) (81,-59) (94,3) (-9,36) (44,43) (23,64) (-37,-62) (-12,-35) (65,-77) (1,-63) (-53,24) (-44,73) (-50,34) (-46,-10) (-62,97) (13,-23) (2,-93) (-79,88) (0,-90) (-97,-20) (-57,-54) (-98,54) (53,85) (31,12) (30,-93) (28,54) (64,-27) (79,57) (4,-37) (-51,-12) (-38,-24) (-53,69) (-74,39) (-58,61) (64,-39) (19,-80) (-40,97) (-21,93) (-49,8)
(62,-74) (-12,31) (57,-30) (80,19) (-12,-46) (83,61) (-13,46) (37,-19) (38,77) (93,74) (14,12) (86,-74) (67,30) (-81,-30) (-48,56) (-77,55) (5,27) (-51,-41) (-93,-90) (-38,65) (-86,-16) (-78,36) (-67,-36) (48,-13) (58,7) (94,74) (-92,-55) (-70,-48) (-16,18) (27,-12) (63,64) (1,-34) (-26,20) (-23,3) (-65,-33) (-45,-10) (-45,13) (3,-6) (87,-16) (-71,6) (56,-33) (11,65) (-99,-2) (93,21) (85,37) (64,56) (-32,75) (13,-83) (-16,97) (42,-99) (7,45) (-88,21) (-19,24) (46,35) (-71,73) (95,-2) (40,-4)
(95,-89) (33,-5) (88,94) (59,6) (-96,-87) (-10,51) (-23,61) (-79,86) (-70,-94) (65,51) (40,-56) (-64,93) (34,21) (-39,88) (83,-57) (11,-20) (66,84) (-82,23) (90,99) (-37,-87) (-20,-14) (88,-64) (1,-66) (-65,-20) (63,63) (-29,-59) (-47,77) (-36,85) (-47,72) (85,29) (92,-7) (53,-35) (-61,-14) (-10,99) (66,89) (-34,76) (-76,-6) (82,-90) (77,54) (86,0) (91,-58) (-82,8) (8,-28) (93,19) (88,89) (-90,98) (-14,85) (86,4) (19,-15) (80,-46) (-44,-36) (-11,13) (62,38) (-63,-46) (-28,96) (-79,-53)
(-72,-70) (-51,-82) (1,-46) (-50,-53) (-39,-72) (-41,-56) (42,4) (47,16) (-94,10) (73,57) (-77,4) (49,66) (-15,-32) (69,-58) (25,95) (-91,12) (48,-83) (22,-62) (59,-65) (85,-13) (44,-42) (-53,-46) (45,-68) (20,80) (-72,62) (1,-15) (-74,-92) (-71,-44) (-14,-33) (81,-69) (66,-58) (70,44) (-93,-82) (12,-17) (-53,-39) (-47,2) (76,88) (20,-64) (98,-88) (91,24) (-63,-20) (8,14) (55,25) (-85,-12) (35,57) (-79,29) (-54,33) (-23,-92) (4,-6) (98,43) (66,56) (-13,-89) (-50,54) (33,40) (87,39) (-65,-1)
(-72,-67) (-34,-20) (-96,-71) (-75,-85) (-46,-22) (-43,-34) (-33,-54) (-38,-46) (-24,-23) (-41,-18) (-82,-57) (-39,-61) (-95,-92) (-69,-2) (-16,-47) (-41,-59) (-82,-52) (-84,-73) (-17,-33) (-73,-23) (-87,-47) (-20,-92) (-38,-30) (-80,-17) (-56,-47) (-94,-90) (-77,-29) (-41,-52) (-36,-88) (-1,-78) (-32,-78) (-54,-77) (-45,-47) (-68,-69) (-12,-44) (-78,-23) (-77,-80) (-16,-17) (-53,-54) (-97,-47) (-47,-38) (-16,-67) (-89,-98) (-67,-94) (-31,-32) (-35,-54) (-75,-10) (-24,-25) (-70,-70) (-30,-23)
(-19,94) (-80,65) (7,15) (-47,-98) (-63,52) (-45,-75) (32,75) (-26,-51) (-84,48) (38,-61) (82,-23) (-39,-95) (-85,83) (-63,32) (-11,-11) (-71,-57) (-37,-68) (12,-37) (-24,-99) (-27,-63) (-65,26) (17,-77) (54,91) (-1,64) (25,-15) (42,66) (37,7) (-39,46) (-14,93) (32,62) (-44,-45) (86,59) (99,93) (76,-32) (-64,67) (-8,17) (35,-13) (68,-78) (-73,4) (19,-45) (-98,33) (-2,4) (48,-51) (6,-93) (35,81) (42,-77) (26,-42) (99,-80) (-74,-48) (-96,82) (-70,80) (98,-23) (27,39) (63,13) (-46,-22) (10,-51)
(23,48) (23,48) (23,48) (23,48) (23,48) (23,48) (23,48) (23,48) (23,48) (23,48) (23,48) (23,48) (23,48) (23,48) (23,48) (23,48) (23,48) (23,48) (23,48) (23,48) (23,48) (23,48) (23,48) (23,48) (23,48) (23,48) (23,48) (23,48) (23,48) (23,48) (23,48) (23,48) (23,48) (23,48) (23,48) (23,48) (23,48) (23,48) (23,48) (23,48) (23,48) (23,48) (23,48) (23,48) (23,48) (23,48) (23,48) (23,48) (23,48) (23,48) (23,48) (23,48) (23,48) (23,48) (23,48) (23,48) (23,48) (23,48) (23,48) (23,48) (23,48) (23,48)
(-11,-15) (-11,-15) (-11,-15) (-11,-15) (-11,-15) (-11,-15) (-11,-15) (-11,-15) (-11,-15) (-11,-15) (-11,-15) (-11,-15) (-11,-15) (-11,-15) (-11,-15) (-11,-15) (-11,-15) (-11,-15) (-11,-15) (-11,-15) (-11,-15) (-11,-15) (-11,-15) (-11,-15) (-11,-15) (-11,-15) (-11,-15) (-11,-15) (-11,-15) (-11,-15) (-11,-15) (-11,-15) (-11,-15) (-11,-15) (-11,-15) (-11,-15) (-11,-15) (-11,-15) (-11,-15) (-11,-15) (-11,-15) (-11,-15) (-11,-15) (-11,-15) (-11,-15) (-11,-15) (-11,-15) (-11,-15) (-11,-15) (-11,-15)
(38,-38) (-55,-29) (-63,6) (-71,26) (96,-72) (-60,90) (93,50) (-40,20) (-48,0) (-3,52) (1,91) (84,48) (-47,40) (64,44) (49,-15) (-60,-29) (10,18) (-80,-30) (11,-40) (29,-4) (-19,-86) (-52,-31) (-88,-15) (-76,-75) (-4,16) (-42,23) (78,-19) (84,40) (63,59) (44,73) (-55,-72) (83,-81) (11,14) (-27,-19) (92,-87) (19,-34) (-6,18) (-44,-91) (-9,-37) (65,9) (-63,-79) (-26,30) (28,53) (-93,26) (50,-17) (59,10) (-5,-85) (77,-38) (-89,21) (22,72) (-7,7) (-88,-61) (-76,20) (8,-28) (-60,63) (-91,-93)
(46,-41) (46,-41) (46,-41) (46,-41) (46,-41) (46,-41) (46,-41) (46,-41) (46,-41) (46,-41) (46,-41) (46,-41) (46,-41) (46,-41) (46,-41) (46,-41) (46,-41) (46,-41) (46,-41) (46,-41) (46,-41) (46,-41) (46,-41) (46,-41) (46,-41) (46,-41) (46,-41) (46,-41) (46,-41) (46,-41) (46,-41) (46,-41) (46,-41) (46,-41) (46,-41) (46,-41) (46,-41) (46,-41) (46,-41) (46,-41) (46,-41) (46,-41) (46,-41) (46,-41) (46,-41) (46,-41) (46,-41) (46,-41) (46,-41) (46,-41) (46,-41) (46,-41) (46,-41) (46,-41) (46,-41)
(-78,51) (43,-38) (-6,22) (-39,23) (-8,-53) (50,1) (-39,-70) (73,45) (47,-97) (55,53) (71,37) (46,50) (-12,-53) (93,-35) (47,53) (-60,-13) (-81,53) (51,-55) (92,96) (-37,-67) (-27,-51) (79,-85) (95,65) (-96,-84) (97,62) (65,-97) (49,16) (-24,22) (46,66) (47,-33) (23,-82) (39,-35) (-58,-64) (-19,21) (-88,15) (-7,28) (95,-48) (48,-85) (-85,-25) (-7,2) (-2,-59) (-10,38) (74,-76) (-88,87) (-51,-75) (-94,-49) (-60,-10) (-92,53) (14,55) (-12,18) (-38,-31) (-82,-87) (49,99) (41,-96) (-39,11) (81,-40)
(23,-68) (49,18) (-84,-13) (-4,86) (-11,82) (-38,41) (-81,-64) (18,43) (-72,-66) (-85,11) (-68,-70) (-60,80) (-56,-73) (61,24) (-49,-34) (7,80) (45,2) (-67,-1) (-57,11) (-14,-1) (-24,91) (80,35) (67,98) (12,83) (68,67) (-24,-19) (55,-7) (34,49) (40,24) (9,37) (-81,62) (72,-61) (-66,-89) (41,-19) (45,45) (65,58) (57,43) (14,-77) (-51,63) (-55,-38) (21,15) (-58,-53) (74,-56) (40,-85) (-57,70) (35,-54) (98,96) (-2,-22) (-91,-80) (-66,49) (67,85) (95,-91) (96,74) (12,54) (1,-89) (-47,19) (68,8)
